import numpy as np
"""
J603 DH参数
"""
a = [0,284/1000,-30/1000,0,0,0]
d = [0,0,0,286.5/1000,0,81.5/1000]
alp = [-1.5708,0,1.5708,-1.5708,1.5708,0]
offset = [0,0,0,0,0,0]

'''
相机内参矩阵
'''
#640x480
camera_matrix = np.array([[600.750,0,325.882],
                          [0,601.000,250.568],
                          [0,0,1]
                        ])

#1280X720
'''
camera_matrix = np.array([[902.812,0,647.577],
                          [0,903.146,378.309],
                          [0,0,1]
                        ])

'''
'''
畸变系数
'''
#640x480
dist_coeffs = np.array([-0.0316691123,1.4219258305,0.0008010871,0.0011466935,-5.4698634198])

#1280x720
#640x480
#dist_coeffs = np.array([-0.0146179783,0.7751832251,0.0018064832,0.0015990356,-2.9174477875])


'''
camera_matrix = np.array([[494.937131,0.000000,325.166753],
                          [0.000000,496.437472,223.641992],
                          [0,0,1]
                        ])

dist_coeffs = np.array([-0.051814,0.028135,0.000682,0.001825,0.000000])
'''







#eMc = np.eye(4)
'''毛不欢'''
'''
eMc = np.array([
                [-0.9383237781,0.3454034437,-0.0156508324,19.6840414524/1000],
                [-0.3453307974,-0.9384533019,-0.0072139123,87.1318265298/1000],
                [-0.0171792855,-0.001364271,   0.9998514944, 58.7619045457/1000],
                [0,0,0,1]
              ])
'''
'''
eMc = np.array([
                [-0.9988679632,-0.0266672272, -0.0393910032, 32.6903893873/1000],
                [ 0.0271749617,-0.999553647, -0.0124108139, 67.2805551257/1000],
                [-0.0390424589, -0.0134672134,  0.9991467963, 27.4906771353/1000],
                [0,0,0,1]
              ])
'''

eMc = np.array([
            [-0.9985147529,-0.0521087471,0.0159049297,36.4829686629/1000],
            [0.0527445746,-0.99769947,0.042588465,70.6311270269/1000],
            [0.0136491083,0.0433641094,0.9989660934,21.6500565303/1000],
            [0,0,0,1]
    ])


